PAK vs SA
Lahore
16-02-2021
-------------------------PAK - 1st Innings-------------------------

Name		Dismissal		Runs	Balls	Dots	Strike Rate	1s	2s	3s	4s	6s

				16	5	0	320		1	1	1	1	1
				0	0	0	0		0	0	0	0	0
				0	0	0	0		0	0	0	0	0
				0	0	0	0		0	0	0	0	0
				0	0	0	0		0	0	0	0	0
				0	0	0	0		0	0	0	0	0
				0	0	0	0		0	0	0	0	0
				0	0	0	0		0	0	0	0	0
				0	0	0	0		0	0	0	0	0
				0	0	0	0		0	0	0	0	0
				0	0	0	0		0	0	0	0	0

-------------------------SA - 1st Innings-------------------------

Name		Dismissal		Runs	Balls	Dots	Strike Rate	1s	2s	3s	4s	6s

				0	0	0	0		0	0	0	0	0
				0	0	0	0		0	0	0	0	0
				0	0	0	0		0	0	0	0	0
				0	0	0	0		0	0	0	0	0
				0	0	0	0		0	0	0	0	0
				0	0	0	0		0	0	0	0	0
				0	0	0	0		0	0	0	0	0
				0	0	0	0		0	0	0	0	0
				0	0	0	0		0	0	0	0	0
				0	0	0	0		0	0	0	0	0
				0	0	0	0		0	0	0	0	0

-------------------------PAK - 2nd Innings-------------------------

Name		Dismissal		Runs	Balls	Dots	Strike Rate	1s	2s	3s	4s	6s

				0	0	0	0		0	0	0	0	0
				0	0	0	0		0	0	0	0	0
				0	0	0	0		0	0	0	0	0
				0	0	0	0		0	0	0	0	0
				0	0	0	0		0	0	0	0	0
				0	0	0	0		0	0	0	0	0
				0	0	0	0		0	0	0	0	0
				0	0	0	0		0	0	0	0	0
				0	0	0	0		0	0	0	0	0
				0	0	0	0		0	0	0	0	0
				0	0	0	0		0	0	0	0	0

-------------------------SA - 2nd Innings-------------------------

Name		Dismissal		Runs	Balls	Dots	Strike Rate	1s	2s	3s	4s	6s

				0	0	0	0		0	0	0	0	0
				0	0	0	0		0	0	0	0	0
				0	0	0	0		0	0	0	0	0
				0	0	0	0		0	0	0	0	0
				0	0	0	0		0	0	0	0	0
				0	0	0	0		0	0	0	0	0
				0	0	0	0		0	0	0	0	0
				0	0	0	0		0	0	0	0	0
				0	0	0	0		0	0	0	0	0
				0	0	0	0		0	0	0	0	0
				0	0	0	0		0	0	0	0	0

