PAK vs SA
Lahore
15-02-2021
-------------------------PAK-------------------------

Name	Dismissal		Runs	Balls	Strike Rate	1s	2s	3s	4s	6s

			0	0	0		0	0	0	0	0
			0	0	0		0	0	0	0	0
			0	0	0		0	0	0	0	0
			0	0	0		0	0	0	0	0
			0	0	0		0	0	0	0	0
			0	0	0		0	0	0	0	0
			0	0	0		0	0	0	0	0
			0	0	0		0	0	0	0	0
			0	0	0		0	0	0	0	0
			0	0	0		0	0	0	0	0
			0	0	0		0	0	0	0	0

-------------------------SA-------------------------

Name	Dismissal		Runs	Balls	Strike Rate	1s	2s	3s	4s	6s

			0	0	0		0	0	0	0	0
			0	0	0		0	0	0	0	0
			0	0	0		0	0	0	0	0
			0	0	0		0	0	0	0	0
			0	0	0		0	0	0	0	0
			0	0	0		0	0	0	0	0
			0	0	0		0	0	0	0	0
			0	0	0		0	0	0	0	0
			0	0	0		0	0	0	0	0
			0	0	0		0	0	0	0	0
			0	0	0		0	0	0	0	0

-------------------------PAK - 2nd Innings-------------------------

Name	Dismissal		Runs	Balls	Strike Rate	1s	2s	3s	4s	6s

			0	0	0		0	0	0	0	0
			0	0	0		0	0	0	0	0
			0	0	0		0	0	0	0	0
			0	0	0		0	0	0	0	0
			0	0	0		0	0	0	0	0
			0	0	0		0	0	0	0	0
			0	0	0		0	0	0	0	0
			0	0	0		0	0	0	0	0
			0	0	0		0	0	0	0	0
			0	0	0		0	0	0	0	0
			0	0	0		0	0	0	0	0

-------------------------SA - 2nd Innings-------------------------

Name	Dismissal		Runs	Balls	Strike Rate	1s	2s	3s	4s	6s

			0	0	0		0	0	0	0	0
			0	0	0		0	0	0	0	0
			0	0	0		0	0	0	0	0
			0	0	0		0	0	0	0	0
			0	0	0		0	0	0	0	0
			0	0	0		0	0	0	0	0
			0	0	0		0	0	0	0	0
			0	0	0		0	0	0	0	0
			0	0	0		0	0	0	0	0
			0	0	0		0	0	0	0	0
			0	0	0		0	0	0	0	0

